20
2 4
6 16
9 20
10 15
19 12
1 18
2 18
19 4
6 11
2 10
7 17
19 9
1 16
17 1
14 8
8 8
7 20
11 6
11 9
7 15
5 18
13 3
9 12
11 11
15 7
8 1
17 4
9 2
15 15
19 19
15 4
3 13
10 13
18 2
10 3
3 18
8 2
3 16
11 12
3 6
6 14
12 3
18 10
17 7
6 5
14 7
6 1
14 7
17 19
14 5
19 10
11 3
10 20
15 7
11 2
17 5
1 16
16 10
7 7
14 1
8 3
16 19
5 5
15 3
10 10
3 17
5 7
7 11
8 3
9 14
9 3
14 15
1 13
15 17
11 20
13 16
4 17
3 9
4 3
6 4
6 13
17 20
12 8
14 13
10 13
2 12
2 10
5 8
18 8
5 4
3 4
2 19
9 19
14 15
19 20
8 11
13 2
4 12
17 16
13 14
8 8
16 8
18 11
8 1
1 2
3 3
14 15
8 6
17 16
2 3
16 18
17 3
15 15
16 11
7 8
12 13
10 17
1 20
3 10
15 18
15 11
11 10
4 2
4 14
14 9
5 20
20 8
1 17
20 8
14 7
3 10
10 19
7 15
12 19
20 12
12 18
3 15
7 17
14 20
2 3
17 10
8 17
17 14
7 16
12 11
17 18
4 13
12 7
17 12
9 4
6 16
9 17
12 9
10 9
3 9
9 8
2 7
4 12
6 13
16 17
18 18
16 6
2 5
6 18
15 14
20 9
11 10
7 1
6 3
8 4
8 1
2 14
9 12
12 4
20 19
7 8
12 18
17 5
14 2
3 19
20 18
18 5
14 18
9 15
8 3
5 19
16 13
13 20
10 4
16 13
6 15
14 4
17 15
16 6
8 5
16 3
1 15
1 12
4 13
8 9
4 9
13 18
8 4
9 11
17 16
12 10
16 6
10 17
4 5
15 16
14 9
17 18
3 19
15 17
20 2
16 3
4 3
16 17
18 18
11 2
9 8
4 9
11 14
10 8
2 16
11 5
6 3
9 7
8 4
19 14
11 9
20 16
9 15
19 8
9 12
3 18
16 4
5 9
10 6
12 1
16 11
13 8
12 9
1 2
13 19
5 18
16 19
1 1
7 15
1 8
18 20
16 10
13 3
2 2
18 18
1 11
12 19
20 9
15 5
9 20
18 4
17 17
19 3
3 6
15 9
9 19
20 16
11 7
19 7
14 8
10 18
16 14
11 16
12 15
3 10
4 5
19 11
15 15
13 5
9 10
11 1
17 10
20 16
7 16
3 14
19 3
15 19
14 20
1 13
17 4
5 1
19 12
8 15
20 12
13 5
12 9
19 5
1 14
4 14
14 6
14 5
16 3
15 12
7 2
17 16
19 7
8 13
2 18
20 10
19 16
20 16
15 12
17 19
7 13
7 8
13 4
14 15
6 4
5 18
19 14
1 19
19 8
16 18
8 10
17 2
4 11
1 5
16 6
8 8
20 17
10 2
15 11
12 10
3 18
14 3
5 12
20 7
3 19
2 8
10 9
13 7
2 9
20 4
20 16
8 16
1 16
4 2
18 15
8 20
1 1
17 5
5 3
1 12
17 20
18 8
7 6
14 15
4 6
6 18
14 6
16 3
9 8
6 18
11 7
18 10
10 13
11 11
17 8
10 1
16 15
2 17
4 14
10 16
15 3
10 6
12 3
2 4
12 11
7 5